002578
002579
002270
000033
002576
002577
002570
300169
000625
000622
000623
002379
002377
002374
002375
002373
002370
000629
600721
600892
600724
600895
600266
600267
002575
600787
601633
601636
601558
002051
000831
002058
601555
300252
300250
300251
300256
300257
300254
002113
300258
300259
002591
002114
000970
000020
600153
600150
000023
000024
600157
000027
002282
002280
601901
600097
600348
600094
600795
002670
600792
600793
600655
600656
601313
601258
002676
600369
002641
000534
600372
600373
000538
000430
600079
600377
002647
300087
002027
300085
002344
300083
002698
300081
002695
600984
002697
002645
002691
300089
002692
002596
002597
600385
002592
002593
002590
600355
002456
002455
002452
002451
002599
600570
000628
600350
000869
600893
600362
600352
300326
002450
600208
000999
002223
002470
300173
002621
002622
002624
300176
300174
002629
300179
300303
601006
300158
300078
600277
600276
300059
600435
300070
300071
300076
002333
002336
002337
002335
002231
002230
601186
002236
300309
000668
000662
000661
600859
000876
601677
601179
601788
300107
300104
000693
300103
000691
600000
300108
300109
600444
002488
002522
002520
002484
002485
002529
002483
600583
600582
000060
000061
002248
000063
600588
002244
300302
000069
002241
600610
000100
600758
600759
002069
000792
002440
600753
601216
600755
002140
002415
000878
600031
600030
600037
600036
002413
002146
002416
002143
002142
002418
002065
600535
300209
600532
300200
300202
600109
600108
600104
600100
601328
000402
000400
000401
000818
000425
000815
000408
600241
600247
000813
600395
002666
002667
002660
002616
002662
000564
000567
002668
000560
002464
002465
000977
002703
002702
002468
300339
300338
000963
600403
600406
300331
300330
300333
300335
300336
600539
000709
600811
600817
000498
601139
601038
300025
000793
300148
000791
000796
300023
600690
300143
300140
300141
300029
002129
002202
002200
002563
002562
601988
002209
002289
600587
601390
002366
002361
002360
601398
600718
600719
002539
600867
600717
300297
000423
601766
002699
300241
300240
300243
002542
300245
002518
002519
002516
002517
002514
002515
002513
002107
600320
601919
601918
600143
600145
000039
000038
000037
002290
002292
002295
601857
600783
002193
002190
601369
002196
300265
600660
002199
000157
600048
000528
000912
601318
600365
600169
000917
002034
600123
600029
002038
002585
002584
002586
603993
002580
600997
002582
002422
002420
002427
002425
601800
600970
002661
600216
000088
600219
300146
300263
000595
000596
000983
000981
300340
601808
300188
002637
002636
300184
002634
002633
002632
002631
002669
300069
300341
300342
300343
300344
300345
300346
000856
300061
300349
300063
300062
300065
300067
300066
002323
000539
600376
300261
600886
300313
300348
600820
600827
000776
000858
000671
000779
000672
601669
600098
601106
300086
002024
300114
300117
300116
300112
300151
600436
002552
002553
002499
002498
002555
002492
002558
002559
601727
002495
002494
002395
002397
002694
603399
601818
002399
002252
000961
600744
000568
600741
000960
600748
000503
002693
601618
600026
601939
002410
002594
600188
002173
002175
600383
002072
002510
002076
300264
300239
000004
600520
000002
600823
300230
300231
300232
002458
300234
300235
000008
300237
600875
601336
600432
601333
002152
601339
600136
600137
600259
000413
000415
600315
600316
600317
000820
601009
600252
000825
000826
600256
002673
000778
300299
002677
002598
002675
002674
000550
002679
002678
300304
300305
300306
300307
300300
300301
002473
002472
300308
002478
600556
600005
600007
000958
600419
600418
600415
600008
600009
600410
000736
000738
600873
601699
601668
002606
002607
002605
002602
002603
601028
002608
002609
300159
600242
000783
300013
300015
300017
300018
300019
300153
300154
601991
002213
601992
601996
002219
601998
601666
002359
000603
000605
601958
002352
002353
002354
002356
002357
601799
601866
600879
600703
601001
600876
600871
600706
600705
601158
601098
601099
600689
600663
601877
600681
300278
300279
002504
300276
002506
300270
002500
002502
600674
600177
000046
002180
002184
002429
600776
002188
600770
600196
600598
600058
600054
600050
002001
300275
002008
002438
300277
600455
300024
601928
002432
002435
300027
002437
600518
300149
000786
600516
002620
600521
600388
601688
000582
000581
002639
002625
300056
600645
300051
300195
300194
002640
002627
300191
300190
002644
300192
300296
000906
300294
300295
300292
300293
300290
600421
300356
300354
300353
300352
300351
000863
601000
601898
601899
002310
002569
000887
600835
000883
000880
000768
600839
601288
000761
601111
000559
600060
601117
601116
601118
300168
600271
300120
300121
600805
300124
300125
300126
300127
002311
002541
002560
002545
000937
002546
002549
002548
000933
002382
601801
002380
002385
002388
601018
002267
601989
600887
603128
600633
600738
600739
600637
603123
600634
601377
601607
601601
601600
000630
300058
600998
600999
300227
300226
300225
300223
300222
300221
300220
600499
600498
603333
002294
000011
600089
000012
002682
000018
300286
600648
600649
600647
002681
600642
600643
300280
600066
000546
000545
000517
600062
600433
600309
300312
600307
600306
000935
000420
300311
600068
600300
002688
002689
002686
002687
002684
002685
600992
002680
601789
300098
300099
002442
300310
300317
300315
002446
300314
300091
300092
300318
300094
300095
300097
600011
600010
600016
600015
600019
600018
600549
300319
000723
600085
000725
000729
002007
000686
000338
600594
601628
002696
002615
300166
300167
300160
600900
300162
300163
002619
601011
600265
002269
600546
600262
300007
300003
300002
000839
000838
002347
002346
600547
002343
601718
002224
601101
002348
000712
603167
000750
000758
000610
000718
600847
601168
601169
603002
601088
601166
002120
002125
002124
002081
002082
002128
002475
600694
601933
600593
300269
300268
600596
600597
600497
603008
002530
002532
300260
300267
300266
002536
002537
600603
600600
000050
603766
600160
600166
600165
601872
600199
600519
600768
600765
600028
000728
300100
600489
600022
000502
600971
600021
601519
600027
002404
002405
002155
002400
300350
002402
002015
002409
300218
300219
300216
300217
300214
000001
300213
300210
300211
600508
600151
300242
600118
600115
002106
600340
600111
600528
600332
300247
600221
300246
000803
000800
300249
300236
300248
002523
000009
002103
300329
300328
002659
300042
300040
300046
002651
002652
002655
002654
002657
002656
300285
300284
300287
000971
300281
600346
300283
300282
300322
300323
300320
300321
300289
300327
300324
300325
002299
000651
601888
600837
300031
002617
002304
000895
603003
000719
600808
600809
600804
002611
000710
000711
000898
002613
002612
300035
300138
600585
300134
300133
300132
300131
300130
