601106
300086
002024
300114
300117
300116
300112
300151
600436
002552
002553
002499
002498
002555
002492
002558
002559
601727
002495
002494
002395
002397
002694
603399
601818
002399
002252
000961
600744
000568
600741
000960
600748
000503
002693
601618
600026
601939
002410
002594
600188
002173
002175
600383
002072
002510
002076
300264
300239
000004
600520
000002
600823
300230
300231
300232
002458
300234
300235
000008
300237
600875
601336
600432
601333
002152
601339
600136
600137
600259
000413
000415
600315
600316
600317
000820
601009
600252
000825
000826
600256
002673
000778
300299
002677
002598
002675
002674
000550
002679
002678
300304
300305
300306
300307
300300
300301
002473
002472
300308
