000005
600601
600602
600651
600652
600653
600654
600656
000004
000002
000001
000009
600603
000012
000016
600604
600605
600606
600608
000011
000017
000007
000006
000020
000008
000014
000018
600609
600610
600611
600612
600613
600614
600655
600615
600616
000019
600617
600618
600619
600620
000501
000502
000503
600621
600622
600623
000504
000505
600624
600626
600628
600629
600630
600633
600634
600635
000506
600636
600637
000507
600638
600639
600640
600641
600642
600643
600644
000023
600645
600647
600648
000022
000509
000510
000511
600649
600657
600658
000026
000024
600650
600660
600661
600662
000025
600663
600664
600665
000514
600666
600667
600668
000517
000028
000516
600671
600600
000027
000518
000029
600673
600674
600675
600676
600677
000030
000031
000519
600678
600679
000521
600680
600681
600682
000520
600683
000032
000513
000525
600684
600685
000526
000523
600686
600687
600688
600689
000524
000528
000529
600690
600691
600692
600693
600694
600695
000541
000536
000539
000547
000550
000553
600696
600697
600698
600699
600800
000530
000544
000537
000538
000545
000546
000554
000543
000548
000033
000532
000533
600801
600802
600803
600804
600805
600806
600807
000531
000551
000552
600808
600809
600810
600811
000534
000559
000563
000564
600812
600814
600815
600816
600817
600818
600819
600820
600821
000021
000540
000560
600822
600823
600824
600825
600826
600827
600828
600829
600830
600831
600833
600834
600835
600836
600837
600838
600839
600841
600843
600844
600845
600846
600847
600848
600850
601607
600851
600853
000035
000039
000555
000565
600854
600855
600856
600857
600858
600859
600860
000034
000558
000561
000568
600861
600862
600863
000566
000567
000571
000036
000557
000037
000570
000038
000040
000572
600864
600865
000045
000573
600866
600867
000576
000046
600868
000042
000043
000048
600872
600869
600873
600870
000050
000049
600871
600874
600875
600877
000010
600876
000582
600879
600880
600881
000584
600882
600883
000585
000586
600886
000590
600884
600885
000591
600888
000589
600889
000593
600887
600892
600890
600891
000592
600894
600893
000055
600898
000595
600895
000587
000599
600896
600705
600706
600707
000597
600702
600701
600703
000598
600711
600897
000600
600704
600708
600714
000401
600717
600718
000404
000402
600712
600721
600722
000409
000403
000408
600710
600713
600715
600726
600716
600725
600727
600729
000407
000056
000411
000415
600719
600720
600723
600724
600728
000410
000416
600730
600735
000423
600737
000420
600731
600738
000421
000428
600734
600740
000417
000422
600736
000419
600732
600733
600739
000603
600741
600742
000425
000426
600745
000430
000601
000607
600744
600743
600751
000605
600747
600746
000608
600750
600756
000413
600748
000610
000612
000596
600753
600755
600757
000606
000611
600759
600761
000609
600754
600760
600749
000615
000617
000619
000623
600766
000620
600758
600763
600769
600764
600771
600765
000622
000616
600773
600774
600768
000627
000633
000637
000629
600767
000628
000651
600775
000630
000635
600770
000632
600777
000631
000638
000639
600776
000626
000652
000655
000656
000636
000659
600778
000657
000667
600780
000663
600779
000650
000665
000666
000668
000669
000662
000670
000661
000671
000672
600781
000676
600782
600783
600784
000058
000677
000678
600785
000061
000688
000681
000682
600787
000680
000060
000685
600792
000673
000679
000613
000690
000059
000062
600791
000683
000695
000698
600793
000687
000693
000701
600789
000686
000692
000691
000700
600790
001696
600794
000702
600795
000697
000708
000418
000703
000719
000718
600796
000705
600051
000711
000707
000712
600052
000709
000758
000400
000716
600053
600797
000710
000713
600060
600798
000736
000737
000721
000766
600069
600054
600064
000715
000717
600066
600067
000720
000739
000723
600056
600059
000759
600055
600061
000727
600077
000722
600062
600068
600076
000779
600058
600063
600071
600072
600057
600070
000778
000780
000786
600079
600083
600086
000498
000767
000625
000068
000735
000776
600080
000728
000788
600088
600090
000731
000828
600075
000800
600089
600106
000782
600097
600082
600074
000752
000819
600085
000066
000738
000751
000753
000768
000838
600093
000755
000757
000760
600078
600100
600101
000733
000796
600081
600094
600103
000732
000748
600073
600091
600099
000762
600095
000750
600096
000777
000785
600084
000797
000729
000799
600098
000868
000088
000793
000783
600116
000756
600109
000795
000816
600108
600128
000792
600118
000069
000789
600111
000863
000836
600105
600110
000823
000791
600117
000818
000888
600113
600132
000839
600115
600107
000848
000063
600129
600104
000899
600112
600120
000829
600138
000889
000898
600121
000802
000761
600119
001896
600135
000886
000798
600133
600009
000429
000826
600139
000803
600136
000876
600126
000790
600158
000880
600131
000807
000806
600137
000089
600122
000858
600168
000801
600127
600125
600157
000813
000883
600148
600150
600159
600156
000811
600165
000810
000878
600163
600166
000065
600151
000815
000851
600152
600162
000809
000882
600153
600161
000812
600170
000821
600160
000820
600188
000822
600180
000830
600196
600199
000856
600186
000881
600169
000831
000862
600155
000581
600171
000837
000850
600189
600178
000825
600198
000861
600183
000860
600179
000833
600187
000859
600177
000852
600172
000887
600218
000895
600191
600123
000078
000893
600192
000877
600195
000892
600201
000890
600228
000900
600167
000908
600266
000928
600007
000885
600206
000917
600209
000901
600200
000902
600175
000903
600173
000897
600176
000905
600359
000909
600182
000913
600203
000911
600193
000912
600202
000915
600190
000925
600185
000920
600141
000922
000926
000929
600208
000835
000910
000906
600146
000930
000931
000921
000923
600207
000918
000090
600211
000927
600006
000932
600005
000936
600212
000935
600210
000933
600213
000937
600215
000950
600197
000939
600145
000916
600220
000948
600149
000949
600216
000938
600222
600000
000952
600226
000919
600268
000951
600221
000953
600239
000955
000959
600217
000958
600219
000957
600223
000962
600238
000963
600225
000960
600227
000961
600500
000999
600229
000966
600236
000967
000965
600230
000970
600299
000971
600008
000070
600231
000978
600269
000973
600259
600256
000301
000969
000976
600258
600232
000975
000977
000988
600233
600237
600257
600234
600235
000979
000980
000968
000981
600248
000989
600240
600262
600300
000982
000990
600130
600260
600278
600301
000987
000996
600261
600289
000096
000158
600267
600277
000983
000985
000099
000993
600279
600291
000150
000995
000997
600275
600298
600265
600287
000151
000156
600282
600293
000153
600246
600358
000155
000159
000972
600280
600308
000157
600276
600283
600285
000869
600366
600292
600290
600281
600297
000488
600243
600255
600247
600337
600241
600288
600252
600422
600242
600318
000998
600333
600019
600302
600316
600038
600016
600307
600320
600368
600328
600345
000726
600323
600339
600303
600306
600338
600270
600398
600336
600388
600399
600309
600400
600369
600389
600378
000725
600365
600390
600326
600377
600330
600382
600313
600305
600332
600037
600033
600466
600386
600312
600558
600272
600310
600550
600335
600250
600010
600376
600315
600360
600393
600518
600367
600319
600396
600555
600363
600383
600356
600295
600381
600568
600588
600321
600528
600395
600329
600380
600589
600468
600501
600488
600311
600419
600530
600372
600385
600556
600028
600346
600569
600566
600498
600418
600539
600519
600599
600508
600448
600596
600322
600361
600011
600391
600567
600331
600548
600506
600523
600520
600362
600379
600317
600583
600585
600509
600373
600350
600533
600598
600036
600456
600428
600486
600415
600578
600582
600536
600026
600505
600529
600496
600580
600355
600510
600426
600327
600595
600397
600590
600503
600593
600561
600416
600526
600565
600531
600592
600515
600579
600586
600581
600535
600597
600516
600551
600577
600371
600557
600560
000875
600351
600587
600050
600499
600522
600559
600532
600571
600549
600552
600353
600511
600525
600563
600458
600512
600030
600012
600538
600537
600562
600408
600576
600573
600521
600370
600460
600513
600039
600575
600375
600343
600502
600481
600004
600459
600392
600584
600251
600436
600409
600433
600490
600273
600031
600435
600439
600271
600423
600475
600425
600029
600546
600352
600485
600020
600489
600480
600348
600487
600547
600449
600462
600432
600015
600429
600478
600401
600507
600403
600517
600406
600469
600021
600184
600477
600900
600527
600545
600476
600570
600446
600340
600540
600354
000100
600249
600387
600444
600325
600438
600452
600470
600035
600479
600284
600463
600594
600543
600455
600405
600467
600960
600969
600572
600988
600976
600497
600493
600986
600410
600985
600990
600114
600980
600992
600993
600967
600491
600963
600495
600483
600461
600997
600421
600966
600975
600995
600420
600962
600143
002001
002002
002003
002004
002005
002006
002007
002008
002009
002010
600022
600981
002011
002012
002013
600982
600984
002014
002015
002016
002017
002018
002019
600965
600482
002020
002021
002022
002023
002024
002025
002026
600983
600973
002027
002028
002029
002030
600987
002031
002032
600971
600978
002033
002034
600961
002035
002036
600979
002037
002038
600027
002039
002040
600970
002041
002042
002043
002044
002045
002046
002047
002048
002049
002050
002051
601001
002052
002053
601988
002054
002055
600048
601006
002056
002057
002058
002059
002060
002061
002062
601111
002063
002064
002065
002066
002067
002068
601699
002069
002070
002071
601588
600017
002072
002073
002074
002075
002076
600018
601398
002077
002078
002079
002080
002081
002082
601666
002083
002084
002085
002086
002087
002088
002089
601872
002090
002091
002092
002093
002094
002095
601991
002096
002097
002098
601333
002099
002100
002101
002102
601628
002103
002104
002105
002106
002107
002108
002109
002110
002111
601002
601166
002112
002113
002114
002115
002116
601003
601005
601318
002117
002118
002119
002120
002121
002122
002123
002124
002125
601007
002126
002127
002128
002129
002130
601008
002131
002132
002133
601998
000338
601600
601328
002134
002135
002136
002137
002138
601919
002139
002140
601168
002142
601009
002141
002143
002144
002145
002146
002147
002148
002149
002150
002151
002152
002153
002154
002155
002156
002157
002158
002159
002160
002161
002162
002163
002164
002165
002166
002167
002168
002169
002170
601169
002171
002172
002173
002174
601939
601808
601088
002175
002176
002177
002178
002179
601857
002180
002182
002183
002181
002184
002185
002186
002187
002188
002189
002190
601390
002191
002192
002193
002194
002195
002196
601866
002197
002198
601918
002199
002200
601999
601601
002201
002202
601099
002203
002204
002205
002206
002207
002208
002209
002210
002211
002212
002213
601898
002214
002215
002216
002217
002218
002220
002219
002221
601186
002222
601958
002223
002224
002225
601899
002226
002227
002228
002229
002232
002230
002231
002233
002234
002235
002236
002237
002239
002241
002240
002238
002242
002243
002244
002245
002246
002247
002248
002249
002250
002251
002252
002253
002254
002255
002256
002258
002259
002260
002261
002262
002263
002264
002265
002266
002268
002267
601766
002269
002270
002271
002272
002273
002274
601727
002275
002276
002277
601107
601668
002278
002279
601788
002280
002281
002282
002283
002284
002285
002286
002287
002288
002289
002290
002291
002292
002293
002294
601618
002295
002296
002297
002298
601888
002299
002300
002301
300001
300002
300003
300004
300005
300006
300007
300008
300009
300010
300011
300012
300013
300014
300015
300016
300017
300018
300019
300020
300021
300022
300023
300024
300025
300026
300027
300028
002302
002303
002304
002305
002306
002307
600999
002308
002309
002310
002311
002312
002313
002314
002315
002316
002317
002318
002319
002320
002321
601989
002322
002323
002324
002325
002326
300029
300030
300031
300032
300033
300034
300035
300036
601139
002327
002328
002329
002330
002331
601117
300037
300038
300039
300040
300041
300042
002332
002333
002334
002335
002336
002337
002338
601801
300043
300044
300045
300046
300047
300048
300049
300050
601877
002339
002340
002341
002342
002343
002344
002345
002346
002347
601179
002348
002349
002350
002351
002352
002353
002354
002355
002356
601106
002357
002358
002359
300051
300052
300053
300054
601678
300055
300056
300057
300058
601688
002360
002361
002362
002363
002364
002365
002366
002367
002368
002369
002370
002371
002372
002373
002374
300059
300061
300062
601188
601518
002375
002376
002377
300063
300064
300065
300066
601158
002378
002379
002380
601101
002381
002382
002383
002384
002385
002386
002387
002388
002389
002390
002391
300067
300068
300069
300070
300071
002392
002393
002394
300072
300073
300074
300075
601369
002395
002397
300076
300077
300078
300079
002398
002399
002400
002401
002402
002403
002404
002405
002406
002407
002408
300081
300082
300083
300084
002409
002410
002411
002412
300085
300086
300087
300088
002413
002415
002416
002417
002418
002419
002420
002421
002422
002423
002424
002425
002426
002427
002428
002429
002430
002431
002432
002433
002434
002435
002436
002396
002437
002438
002439
300080
300089
300090
300091
601000
002440
002441
002442
002443
300092
300093
300094
002444
002445
002446
002447
601288
002414
002448
002449
002450
002451
002452
002453
002454
300095
300096
300097
300098
002455
002456
002457
601717
300099
300100
300101
002458
002459
002460
300102
300103
300104
601718
002461
002462
002463
601818
300105
300106
300107
300108
300109
300110
300111
300112
300113
300114
002464
002465
002466
300115
300116
300117
300118
002467
002468
002469
002470
002471
002472
002473
002474
002475
002476
002477
300119
300120
300121
002478
002479
002480
002481
300122
300123
300124
601018
002482
002483
002484
601177
300125
300126
300127
300128
601377
002485
002486
002487
300129
300130
300131
002488
002489
002490
002491
300132
300133
300134
300135
601098
002492
002493
002494
002495
600998
300136
300137
300138
002496
002497
002498
002499
300139
300140
300141
300142
002500
002501
002502
002503
002504
002505
002506
002507
002508
002509
002510
002511
601777
002512
002513
002514
002515
601880
002516
002517
002518
002519
300143
300144
300145
002520
002521
002522
002523
300146
300147
300148
601933
002524
002526
300149
300150
300151
002527
002528
002529
601890
300152
300153
300154
002530
002531
002532
002533
601126
300155
300156
300157
300158
300159
601118
002534
002537
002535
002536
300160
300161
300162
300163
300164
601558
002538
002539
002540
002541
601700
300165
300166
300167
300168
300169
601137
002542
002543
002544
601519
300170
300171
300172
300173
300174
601616
601799
002545
002546
300175
300176
300177
300178
300179
002547
002548
002549
002550
300180
300181
300182
300183
300184
601216
002551
002552
002553
002554
601992
002555
002556
002557
002558
601116
002559
002560
002561
300185
300186
300187
601011
002562
002564
002563
300188
300189
300190
300191
601199
002565
002566
300192
300193
300194
002567
002568
300195
300196
300197
300198
300199
300200
300201
002569
002570
002571
002572
300202
300203
300204
300205
300206
300207
002573
002574
002575
300208
300209
300210
002576
002577
002578
601258
300211
300212
300213
002579
002580
601218
601113
300214
300215
300216
300217
300218
300219
601233
002581
002582
601208
300220
300221
300222
002583
601599
601566
300223
300224
300225
002584
002585
002586
601311
601010
300226
300227
300228
002587
002588
002589
002590
300229
300230
300231
601567
002591
300232
300233
300234
601798
002593
002595
300235
300236
300237
002594
601058
300238
300239
300240
002596
002597
002598
300241
300242
300243
002599
002600
002601
300244
300245
300246
002602
002603
002604
300247
300248
300249
300250
300251
002605
002606
601222
002607
002608
601901
601636
002609
002610
601789
300252
300253
601886
300254
300255
300256
300257
300258
002611
002612
002613
300259
300260
300261
601908
002614
002615
300262
300263
300264
300265
601677
002616
002617
002618
300266
300267
300268
601633
002619
002620
002621
601996
300269
300270
002623
002622
601669
300271
300273
002624
002626
601100
300272
300274
300275
002625
002627
002628
002629
601028
002592
002630
002631
300276
002632
002633
300277
002635
002636
002637
002638
601928
002634
002639
002640
002641
601555
300278
601336
002642
002643
002645
002644
002646
002647
002648
300279
300280
300281
300282
002649
002650
002651
300283
300284
300285
300286
601313
002653
002652
300287
300291
300288
300289
300290
601515
002654
002655
601231
601929
002656
002657
300292
300293
300294
002658
002659
002662
601800
300295
300296
300297
002660
002661
002663
002664
300298
300299
300300
300303
300301
300302
300304
002665
002666
002667
300305
300306
300307
601238
300308
300309
601012
002668
002669
002670
601388
300310
300311
300313
002671
002672
603001
603000
002673
603123
002674
603333
300312
300314
300315
300316
300317
603002
603366
300318
300319
300321
002675
002676
002677
603128
002678
300320
300323
300325
002679
002680
002681
300322
300324
601965
002682
002683
002684
002685
601339
300326
300327
300328
300329
300330
300331
300332
300333
002686
300334
601608
300335
300336
002687
002688
002689
603008
300337
300339
300338
300340
300341
300342
002690
002691
603077
300343
300344
300345
300346
002692
002693
601038
603766
002694
300347
300348
300349
603003
300350
603399
002695
002696
002697
603167
002698
002699
300352
300351
300354
002700
300353
300355
300356
603993
002701
002702
002703
