601718
002224
601101
002348
000712
603167
000750
000758
000610
000718
600847
601168
601169
603002
601088
601166
002120
002125
002124
002081
002082
002128
002475
600694
601933
600593
300269
300268
600596
600597
600497
603008
002530
002532
300260
300267
300266
002536
002537
600603
600600
000050
603766
600160
600166
600165
601872
600199
600519
600768
600765
600028
000728
300100
600489
600022
000502
600971
600021
601519
600027
002404
002405
002155
002400
300350
002402
002015
002409
300218
300219
300216
300217
300214
000001
300213
300210
300211
600508
600151
300242
600118
600115
002106
600340
600111
600528
600332
300247
600221
300246
000803
000800
300249
300236
300248
002523
000009
002103
300329
