300225
300223
300222
300221
300220
600499
600498
603333
002294
000011
600089
000012
002682
000018
300286
600648
600649
600647
002681
600642
600643
300280
600066
000546
000545
000517
600062
600433
600309
300312
600307
600306
000935
000420
300311
600068
600300
002688
002689
002686
002687
002684
002685
600992
002680
601789
300098
300099
002442
300310
300317
300315
002446
300314
300091
300092
300318
300094
300095
300097
600011
600010
600016
600015
600019
600018
600549
300319
000723
600085
000725
000729
002007
000686
000338
600594
601628
002696
002615
300166
300167
300160
600900
300162
300163
002619
601011
600265
002269
600546
600262
300007
300003
300002
000839
000838
002347
002346
600547
002343
