002478
600556
600005
600007
000958
600419
600418
600415
600008
600009
600410
000736
000738
600873
601699
601668
002606
002607
002605
002602
002603
601028
002608
002609
300159
600242
000783
300013
300015
300017
300018
300019
300153
300154
601991
002213
601992
601996
002219
601998
601666
002359
000603
000605
601958
002352
002353
002354
002356
002357
601799
601866
600879
600703
601001
600876
600871
600706
600705
601158
601098
601099
600689
600663
601877
600681
300278
300279
002504
300276
002506
300270
002500
002502
600674
600177
000046
002180
002184
002429
600776
002188
600770
600196
600598
600058
600054
600050
002001
300275
002008
002438
300277
600455
300024
601928
002432
002435
300027
002437
