002515
002513
002107
600320
601919
601918
600143
600145
000039
000038
000037
002290
002292
002295
601857
600783
002193
002190
601369
002196
300265
600660
002199
000157
600048
000528
000912
601318
600365
600169
000917
002034
600123
600029
002038
002585
002584
002586
603993
002580
600997
002582
002422
002420
002427
002425
601800
600970
002661
600216
000088
600219
300146
300263
000595
000596
000983
000981
300340
601808
300188
002637
002636
300184
002634
002633
002632
002631
002669
300069
300341
300342
300343
300344
300345
300346
000856
300061
300349
300063
300062
300065
300067
300066
002323
000539
600376
300261
600886
300313
300348
600820
600827
000776
000858
000671
000779
000672
601669
600098
