002142
002418
002065
600535
300209
600532
300200
300202
600109
600108
600104
600100
601328
000402
000400
000401
000818
000425
000815
000408
600241
600247
000813
600395
002666
002667
002660
002616
002662
000564
000567
002668
000560
002464
002465
000977
002703
002702
002468
300339
300338
000963
600403
600406
300331
300330
300333
300335
300336
600539
000709
600811
600817
000498
601139
601038
300025
000793
300148
000791
000796
300023
600690
300143
300140
300141
300029
002129
002202
002200
002563
002562
601988
002209
002289
600587
601390
002366
002361
002360
601398
600718
600719
002539
600867
600717
300297
000423
601766
002699
300241
300240
300243
002542
300245
002518
002519
002516
002517
002514
