002578
002579
002270
000033
002576
002577
002570
300169
000625
000622
000623
002379
002377
002374
002375
002373
002370
000629
600721
600892
600724
600895
600266
600267
002575
600787
601633
601636
601558
002051
000831
002058
601555
300252
300250
300251
300256
300257
300254
002113
300258
300259
002591
002114
000970
000020
600153
600150
000023
000024
600157
000027
002282
002280
601901
600097
600348
600094
600795
002670
600792
600793
600655
600656
601313
601258
002676
600369
002641
000534
600372
600373
000538
000430
600079
600377
002647
300087
002027
300085
002344
300083
002698
300081
002695
600984
002697
002645
002691
300089
002692
002596
002597
600385
002592
002593
002590
600355
002456
002455
