600518
300149
000786
600516
002620
600521
600388
601688
000582
000581
002639
002625
300056
600645
300051
300195
300194
002640
002627
300191
300190
002644
300192
300296
000906
300294
300295
300292
300293
300290
600421
300356
300354
300353
300352
300351
000863
601000
601898
601899
002310
002569
000887
600835
000883
000880
000768
600839
601288
000761
601111
000559
600060
601117
601116
601118
300168
600271
300120
300121
600805
300124
300125
300126
300127
002311
002541
002560
002545
000937
002546
002549
002548
000933
002382
601801
002380
002385
002388
601018
002267
601989
600887
603128
600633
600738
600739
600637
603123
600634
601377
601607
601601
601600
000630
300058
600998
600999
300227
300226
