002452
002451
002599
600570
000628
600350
000869
600893
600362
600352
300326
002450
600208
000999
002223
002470
300173
002621
002622
002624
300176
300174
002629
300179
300303
601006
300158
300078
600277
600276
300059
600435
300070
300071
300076
002333
002336
002337
002335
002231
002230
601186
002236
300309
000668
000662
000661
600859
000876
601677
601179
601788
300107
300104
000693
300103
000691
600000
300108
300109
600444
002488
002522
002520
002484
002485
002529
002483
600583
600582
000060
000061
002248
000063
600588
002244
300302
000069
002241
600610
000100
600758
600759
002069
000792
002440
600753
601216
600755
002140
002415
000878
600031
600030
600037
600036
002413
002146
002416
002143
